{
    "Week-01": "[No output produced]\n",
    "Week-02": "--- Standard Output ---\nThe value 45 in degrees is 0.7853981633974483 in radians.\n[[ 0.8660254  -0.5         0.        ]\n [ 0.3213938   0.5566704   0.76604444]\n [-0.38302222 -0.66341395  0.64278761]]\n[[ 0.87758256 -0.47942554  0.          0.5       ]\n [ 0.47942554  0.87758256  0.          4.5       ]\n [ 0.          0.          1.         -1.5       ]\n [ 0.          0.          0.          1.        ]]\n\n",
    "Week-03": "--- Standard Output ---\nThe value 45 in degrees is 0.7853981633974483 in radians.\n[[-0.08715574  0.86272992 -0.49809735 -0.02614672]\n [-0.9961947  -0.07547909  0.04357787 -0.29885841]\n [ 0.          0.5         0.8660254   0.8       ]\n [ 0.          0.          0.          1.        ]]\n[[-9.55336489e-01  1.80953938e-17 -2.95520207e-01 -4.77668245e-01]\n [-2.95520207e-01 -5.84974887e-17  9.55336489e-01 -1.47760103e-01]\n [ 0.00000000e+00  1.00000000e+00  6.12323400e-17  4.00000000e-01]\n [ 0.00000000e+00  0.00000000e+00  0.00000000e+00  1.00000000e+00]]\n\n",
    "Week-04": "--- Standard Output ---\nThe value 45 in degrees is 0.7853981633974483 in radians.\n[[ 0.61283555  0.64278761]\n [ 0.51423009 -0.76604444]\n [ 1.          0.        ]]\nJ_B =\n [[-0.98480775 -0.        ]\n [ 1.17364818  1.        ]\n [ 1.          1.        ]]\nx_dot_B = [-0.09848078  0.41736482  0.4       ]\n\n",
    "Week-05": "--- Standard Output ---\nThe value 45 in degrees is 0.7853981633974483 in radians.\nxd = [0.3        0.2        1.04719755]\n\n--- Standard Error / Exceptions ---\nd:\\Presentations\\Masters Data\\Semester-2\\Robotics Manipulators\\Weekly Test\\Week-05\\temp_run.py:245: UserWarning: FigureCanvasAgg is non-interactive, and thus cannot be shown\n  plt.show()\nd:\\Presentations\\Masters Data\\Semester-2\\Robotics Manipulators\\Weekly Test\\Week-05\\temp_run.py:259: UserWarning: FigureCanvasAgg is non-interactive, and thus cannot be shown\n  plt.show()\nd:\\Presentations\\Masters Data\\Semester-2\\Robotics Manipulators\\Weekly Test\\Week-05\\temp_run.py:420: UserWarning: FigureCanvasAgg is non-interactive, and thus cannot be shown\n  plt.show()\nd:\\Presentations\\Masters Data\\Semester-2\\Robotics Manipulators\\Weekly Test\\Week-05\\temp_run.py:434: UserWarning: FigureCanvasAgg is non-interactive, and thus cannot be shown\n  plt.show()\n\n",
    "Week-06": "--- Standard Output ---\nThe Lagrangian of this system at the initial position is -2.2049999999999996\n\n--- Standard Error / Exceptions ---\nd:\\Presentations\\Masters Data\\Semester-2\\Robotics Manipulators\\Weekly Test\\Week-06\\temp_run.py:274: UserWarning: FigureCanvasAgg is non-interactive, and thus cannot be shown\n  plt.show()\n\n",
    "Week-07": "--- Standard Output ---\n[[0.69818341 0.2055182 ]\n [0.2055182  0.087038  ]]\n\n--- Standard Error / Exceptions ---\nd:\\Presentations\\Masters Data\\Semester-2\\Robotics Manipulators\\Weekly Test\\Week-07\\temp_run.py:429: UserWarning: FigureCanvasAgg is non-interactive, and thus cannot be shown\n  plt.show()\n\n",
    "Week-08": "--- Standard Error / Exceptions ---\nTraceback (most recent call last):\n  File \"d:\\Presentations\\Masters Data\\Semester-2\\Robotics Manipulators\\Weekly Test\\Week-08\\temp_run.py\", line 273, in <module>\n    D = Inertial_Matrix(q[i, 0], q[i, 1], model_parameters)\n        ^^^^^^^^^^^^^^^^^^^^^^^^^^^^^^^^^^^^^^^^^^^^^^^^^^^\n  File \"d:\\Presentations\\Masters Data\\Semester-2\\Robotics Manipulators\\Weekly Test\\Week-08\\temp_run.py\", line 105, in Inertial_Matrix\n    d22 = I2 + m2 * lc2**2    \n                    ~~~^^~\nTypeError: unsupported operand type(s) for ** or pow(): 'NoneType' and 'int'\n\n",
    "Week-09": "--- Standard Output ---\nAccumulated error in x: 0.010101186441316239\nAccumulated error in y: 0.009886048749216284\n\n--- Standard Error / Exceptions ---\nd:\\Presentations\\Masters Data\\Semester-2\\Robotics Manipulators\\Weekly Test\\Week-09\\temp_run.py:762: UserWarning: FigureCanvasAgg is non-interactive, and thus cannot be shown\n  plt.show()\nd:\\Presentations\\Masters Data\\Semester-2\\Robotics Manipulators\\Weekly Test\\Week-09\\temp_run.py:787: UserWarning: FigureCanvasAgg is non-interactive, and thus cannot be shown\n  plt.show()\n\n",
    "Week-10": "--- Standard Output ---\nJoint-space force control input:\n[ 3.174e+00  1.054e+00 -3.000e-03  2.108e+00  1.039e+00 -3.300e-02\n -2.400e-02]\n\n"
}